[
	[0, 0],
	[0, 0],
	[0, 0],
	[0, 0],
	[0, 0],
	[0, 0],
	[0, 0],
	[0, 0],
	[0, 0],
	[0, 0],
	[0, 0],
	[0, 0],
	[0, 0],
	[0, 0],
	[0, 0],
	[0, 0],
	[0, 0],
	[0, 0],
	[0, 0],
	[0, 0],
	[0, 0],
	[0, 0],
	[0, 0],
	[0, 0],
	[0, 0],
	[0, 0],
	[0, 0],
	[0, 0],
	[0, 0],
	[0, 0],
	[0, 0],
	[0, 0],
	[0, 0],
	[0, 0],
	[0, 0],
	[0, 0],
	[0, 0],
	[0, 0],
	[0, 0],
	[0, 0],
	[0, 0],
	[0, 0],
	[0, 0],
	[0, 0],
	[0, 0],
	[0, 0],
	[0, 0],
	[0, 0],
	[0, 0],
	[0, 0],
	[0, 0],
	[0, 0],
	[0, 0],
	[0, 0],
	[0, 0],
	[0, 0],
	[0, 0],
	[0, 0],
	[0, 0],
	[0, 0],
	[0, 0],
	[0, 0],
	[0, 0],
	[0, 0],
	[0, 0],
	[0, 0],
	[0, 0],
	[0, 0],
	[0, 0],
	[0, 0],
	[0, 0],
	[0, 0],
	[0, 0],
	[0, 0],
	[0, 0],
	[0, 0],
	[0, 0],
	[0, 0],
	[0, 0],
	[0, 0],
	[0, 0],
	[0, 0],
	[0, 0],
	[0, 0],
	[0, 0],
	[0, 0],
	[0, 0],
	[0, 0],
	[0, 0],
	[0, 0],
	[0, 0],
	[0, 0],
	[0, 0],
	[0, 0],
	[0, 0],
	[0, 0],
	[0, 0],
	[0, 0],
	[0, 0],
	[0, 0],
	[2.910176293314007538162758995164499071858267129345221911130852808e-38, 0],
	[2.910212166554694253479774642641831293711227904050933949934609789e-38, 0],
	[2.91024803979538096879679029011916351556418867875664598873836677e-38, 0],
	[2.910283913036067684113805937596495737417149453462358027542123751e-38, 0],
	[2.910319786276754399430821585073827959270110228168070066345880732e-38, 0],
	[2.910355659517441114747837232551160181123071002873782105149637713e-38, 0],
	[2.910391532758127830064852880028492402976031777579494143953394694e-38, 0],
	[2.910427405998814545381868527505824624828992552285206182757151675e-38, 0],
	[2.910463279239501260698884174983156846681953326990918221560908656e-38, 0],
	[2.910499152480187976015899822460489068534914101696630260364665637e-38, 0],
	[2.910535025720874691332915469937821290387874876402342299168422618e-38, 0],
	[2.910570898961561406649931117415153512240835651108054337972179599e-38, 0],
	[2.91060677220224812196694676489248573409379642581376637677593658e-38, 0],
	[2.910642645442934837283962412369817955946757200519478415579693561e-38, 0],
	[2.910678518683621552600978059847150177799717975225190454383450542e-38, 0],
	[2.910714391924308267917993707324482399652678749930902493187207523e-38, 0],
	[2.910750265164994983235009354801814621505639524636614531990964504e-38, 0],
	[2.910786138405681698552025002279146843358600299342326570794721485e-38, 0],
	[2.910822011646368413869040649756479065211561074048038609598478465e-38, 0],
	[2.910857884887055129186056297233811287064521848753750648402235446e-38, 0],
	[2.910893758127741844503071944711143508917482623459462687205992427e-38, 0],
	[2.910929631368428559820087592188475730770443398165174726009749408e-38, 0],
	[2.910965504609115275137103239665807952623404172870886764813506389e-38, 0],
	[2.91100137784980199045411888714314017447636494757659880361726337e-38, 0],
	[2.911037251090488705771134534620472396329325722282310842421020351e-38, 0],
	[2.911073124331175421088150182097804618182286496988022881224777332e-38, 0],
	[2.911108997571862136405165829575136840035247271693734920028534313e-38, 0],
	[2.911144870812548851722181477052469061888208046399446958832291294e-38, 0],
	[2.911180744053235567039197124529801283741168821105158997636048275e-38, 0],
	[2.911216617293922282356212772007133505594129595810871036439805256e-38, 0],
	[2.911252490534608997673228419484465727447090370516583075243562237e-38, 0],
	[2.911288363775295712990244066961797949300051145222295114047319218e-38, 0],
	[2.911324237015982428307259714439130171153011919928007152851076199e-38, 0],
	[2.91136011025666914362427536191646239300597269463371919165483318e-38, 0],
	[2.911395983497355858941291009393794614858933469339431230458590161e-38, 0],
	[2.911431856738042574258306656871126836711894244045143269262347142e-38, 0],
	[2.911467729978729289575322304348459058564855018750855308066104123e-38, 0],
	[2.911503603219416004892337951825791280417815793456567346869861103e-38, 0],
	[2.911539476460102720209353599303123502270776568162279385673618084e-38, 0],
	[2.911575349700789435526369246780455724123737342867991424477375065e-38, 0],
	[2.911611222941476150843384894257787945976698117573703463281132046e-38, 0],
	[2.911647096182162866160400541735120167829658892279415502084889027e-38, 0],
	[2.911682969422849581477416189212452389682619666985127540888646008e-38, 0],
	[2.911718842663536296794431836689784611535580441690839579692402989e-38, 0],
	[2.91175471590422301211144748416711683338854121639655161849615997e-38, 0],
	[2.911790589144909727428463131644449055241501991102263657299916951e-38, 0],
	[2.911826462385596442745478779121781277094462765807975696103673932e-38, 0],
	[2.911862335626283158062494426599113498947423540513687734907430913e-38, 0],
	[2.911898208866969873379510074076445720800384315219399773711187894e-38, 0],
	[2.911934082107656588696525721553777942653345089925111812514944875e-38, 0],
	[2.911969955348343304013541369031110164506305864630823851318701856e-38, 0],
	[2.912005828589030019330557016508442386359266639336535890122458837e-38, 0],
	[2.912041701829716734647572663985774608212227414042247928926215818e-38, 0],
	[2.912077575070403449964588311463106830065188188747959967729972799e-38, 0],
	[2.91211344831109016528160395894043905191814896345367200653372978e-38, 0],
	[2.912149321551776880598619606417771273771109738159384045337486761e-38, 0],
	[2.912185194792463595915635253895103495624070512865096084141243742e-38, 0],
	[2.912221068033150311232650901372435717477031287570808122945000722e-38, 0],
	[2.912256941273837026549666548849767939329992062276520161748757703e-38, 0],
	[2.912292814514523741866682196327100161182952836982232200552514684e-38, 0],
	[2.912328687755210457183697843804432383035913611687944239356271665e-38, 0],
	[2.912364560995897172500713491281764604888874386393656278160028646e-38, 0],
	[2.912400434236583887817729138759096826741835161099368316963785627e-38, 0],
	[2.912436307477270603134744786236429048594795935805080355767542608e-38, 0],
	[2.912472180717957318451760433713761270447756710510792394571299589e-38, 0],
	[2.91250805395864403376877608119109349230071748521650443337505657e-38, 0],
	[2.912543927199330749085791728668425714153678259922216472178813551e-38, 0],
	[2.912579800440017464402807376145757936006639034627928510982570532e-38, 0],
	[2.912615673680704179719823023623090157859599809333640549786327513e-38, 0],
	[2.912651546921390895036838671100422379712560584039352588590084494e-38, 0],
	[2.912687420162077610353854318577754601565521358745064627393841475e-38, 0],
	[2.912723293402764325670869966055086823418482133450776666197598456e-38, 0],
	[2.912759166643451040987885613532419045271442908156488705001355437e-38, 0],
	[2.912795039884137756304901261009751267124403682862200743805112418e-38, 0],
	[2.912830913124824471621916908487083488977364457567912782608869399e-38, 0],
	[2.91286678636551118693893255596441571083032523227362482141262638e-38, 0],
	[2.91290265960619790225594820344174793268328600697933686021638336e-38, 0],
	[2.912938532846884617572963850919080154536246781685048899020140341e-38, 0],
	[2.912974406087571332889979498396412376389207556390760937823897322e-38, 0],
	[2.913010279328258048206995145873744598242168331096472976627654303e-38, 0],
	[2.913046152568944763524010793351076820095129105802185015431411284e-38, 0],
	[2.913082025809631478841026440828409041948089880507897054235168265e-38, 0],
	[2.913117899050318194158042088305741263801050655213609093038925246e-38, 0],
	[2.913153772291004909475057735783073485654011429919321131842682227e-38, 0],
	[2.913189645531691624792073383260405707506972204625033170646439208e-38, 0],
	[2.913225518772378340109089030737737929359932979330745209450196189e-38, 0],
	[2.91326139201306505542610467821507015121289375403645724825395317e-38, 0],
	[2.913297265253751770743120325692402373065854528742169287057710151e-38, 0],
	[2.913333138494438486060135973169734594918815303447881325861467132e-38, 0],
	[2.913369011735125201377151620647066816771776078153593364665224113e-38, 0],
	[2.913404884975811916694167268124399038624736852859305403468981094e-38, 0],
	[2.913440758216498632011182915601731260477697627565017442272738075e-38, 0],
	[2.913476631457185347328198563079063482330658402270729481076495056e-38, 0],
	[2.913512504697872062645214210556395704183619176976441519880252037e-38, 0],
	[2.913548377938558777962229858033727926036579951682153558684009018e-38, 0],
	[2.913584251179245493279245505511060147889540726387865597487765998e-38, 0],
	[2.913620124419932208596261152988392369742501501093577636291522979e-38, 0],
	[2.91365599766061892391327680046572459159546227579928967509527996e-38, 0],
	[2.913691870901305639230292447943056813448423050505001713899036941e-38, 0],
	[0.4081575572490692138671875, 0.08543093502521514892578125],
	[0.4016673862934112548828125, 0.9371526241302490234375],
	[0.9193782806396484375, 0.56762516498565673828125],
	[0.568355858325958251953125, 0.058134667575359344482421875],
	[0.462120831012725830078125, 0.3795432746410369873046875],
